NB1 ,	 235	243	 265	273	 222	226	 000	000	 569	661	 240	292	 317	329	 189	201	 192	200	 231	251	 277	289	 402	438	 192	224
NB1 ,	 243	243	 205	245	 222	226	 214	238	 000	000	 200	200	 329	357	 201	201	 192	200	 251	267	 277	277	 390	390	 172	180
NB1 ,	 227	275	 217	229	 214	230	 202	202	 561	577	 176	266	 237	337	 185	185	 192	192	 299	299	 277	281	 386	414	 000	000
NB1 ,	 235	251	 229	277	 214	214	 186	242	 605	777	 232	232	 297	307	 197	197	 200	204	 239	283	 273	273	 386	390	 176	224
NB1 ,	 239	239	 213	221	 218	222	 202	206	 573	727	 262	286	 325	333	 205	205	 192	204	 235	267	 289	293	 386	434	 168	224
NB1 ,	 235	235	 221	233	 214	218	 234	238	 691	691	 252	266	 329	345	 185	185	 192	192	 255	267	 305	305	 398	418	 192	204
NB1 ,	 239	255	 213	241	 202	202	 234	234	 621	621	 192	284	 289	337	 173	181	 196	208	 217	263	 269	289	 386	398	 168	184
NB1 ,	 243	267	 225	249	 214	226	 218	218	 601	601	 208	208	 305	345	 193	213	 192	196	 271	275	 289	305	 414	414	 188	224
NB1 ,	 243	267	 237	245	 212	212	 000	000	 000	000	 216	276	 305	335	 189	189	 192	208	 265	299	 269	297	 386	402	 184	224
NB1 ,	 247	279	 237	253	 214	214	 202	226	 605	641	 220	220	 317	323	 189	205	 200	200	 255	279	 309	309	 382	398	 172	180
NB1 ,	 227	267	 209	241	 212	262	 202	226	 585	585	 192	324	 345	345	 193	209	 196	216	 275	335	 273	289	 400	430	 180	188
NB1 ,	 219	255	 213	273	 230	230	 270	270	 000	000	 292	292	 317	317	 193	201	 192	192	 255	279	 273	293	 398	408	 172	188
NB1 ,	 239	275	 213	221	 222	222	 234	294	 585	633	 232	278	 329	329	 193	193	 200	208	 229	259	 273	297	 390	390	 192	208
NB1 ,	 231	247	 229	237	 214	214	 198	202	 593	593	 236	326	 317	345	 205	213	 204	204	 263	283	 269	277	 386	398	 192	212
NB1 ,	 227	227	 245	289	 214	214	 000	000	 545	615	 236	296	 317	325	 173	189	 192	196	 225	291	 381	381	 394	438	 168	184
NB1 ,	 231	263	 213	233	 202	222	 000	000	 000	000	 184	376	 305	341	 189	213	 192	204	 259	285	 269	269	 386	394	 176	184
NB1 ,	 255	255	 233	257	 220	220	 246	250	 529	547	 240	376	 305	325	 201	213	 200	200	 255	275	 277	365	 386	386	 204	220
NB1 ,	 235	243	 229	249	 226	226	 214	218	 489	489	 220	324	 309	309	 000	000	 204	204	 271	323	 289	383	 418	418	 200	208
NB1 ,	 255	255	 185	249	 202	218	 218	230	 553	553	 180	246	 000	000	 189	209	 000	000	 259	259	 281	293	 386	398	 208	216
NB1 ,	 235	259	 233	241	 214	214	 218	250	 601	633	 172	328	 325	331	 000	000	 184	188	 263	315	 269	341	 386	402	 192	196
NB1 ,	 255	255	 233	257	 000	000	 250	250	 000	000	 240	376	 305	325	 201	213	 200	200	 255	275	 277	277	 386	386	 204	220
NB1 ,	 227	227	 229	309	 220	220	 170	346	 569	569	 260	388	 335	335	 197	197	 188	200	 239	247	 267	277	 386	398	 176	184
NB1 ,	 239	239	 221	229	 218	254	 160	160	 605	669	 264	388	 337	337	 197	197	 000	000	 255	271	 309	311	 386	434	 184	188
NB1 ,	 235	283	 185	245	 214	226	 210	214	 677	677	 252	376	 309	331	 197	245	 192	208	 263	271	 281	281	 402	402	 176	204
NB1 ,	 255	259	 237	257	 210	210	 238	266	 525	601	 300	380	 341	341	 201	213	 196	200	 239	267	 273	277	 398	398	 212	224
NB1 ,	 215	267	 241	245	 214	214	 238	266	 613	613	 000	000	 305	309	 173	189	 192	196	 247	263	 273	293	 000	000	 220	224
NB1 ,	 223	235	 185	213	 210	210	 182	206	 595	629	 192	216	 000	000	 189	209	 200	200 	 243	275	 000	000	 398	406	 172	196
NB1 ,	 247	247	 241	245	 214	214	 234	234	 621	621	 276	336	 321	345	 201	205	 200	200	 251	259	 291	305	 418	446	 168	228
NB1 ,	 235	247	 225	237	 000	000	 202	218	 569	569	 172	212	 317	341	 000	000	 000	000	 243	307	 000	000	 398	438	 188	224
NB1 ,	 235	247	 185	237	 226	234	 186	234	 637	637	 280	304	 293	297	 000	000	 000	000	 233	233	 273	337	 394	394	 168	184
NB1 ,	 239	267	 205	221	 214	230	 000	000	 633	633	 220	252	 321	337	 201	245	 000	000	 247	295	 273	273	 402	406	 172	188
NB1 ,	 259	259	 209	233	 212	212	 202	206	 553	553	 330	330	 317	321	 189	193	 192	204	 247	259	 277	277	 278	278	 200	216																						
OB ,	 271	283	 187	201	 212	240	 146	146	 695	695	 220	232	 317	325	 213	213	 192	192	 239	251	 289	293	 310	322	 204	228
OB ,	 225	225	 245	253	 212	212	 206	266	 605	677	 250	250	 337	353	 185	185	 204	204	 229	263	 281	285	 398	418	 196	224
OB ,	 243	277	 185	241	 214	224	 254	354	 671	671	 288	292	 319	329	 189	197	 192	200	 233	247	 277	277	 418	418	 196	236
OB ,	 227	227	 229	269	 242	242	 242	276	 589	589	 220	220	 313	313	 185	193	 168	192	 229	247	 293	297	 428	428	 188	232
OB ,	 247	247	 229	249	 216	216	 258	258	 661	661	 288	316	 305	355	 169	169	 200	224	 215	263	 293	293	 394	394	 184	212
OB ,	 263	291	 185	189	 242	242	 202	238	 661	661	 224	280	 301	361	 185	185	 196	200	 221	267	 285	295	 396	396	 168	188
OB ,	 223	223	 225	249	 226	226	 164	164	 497	497	 288	368	 349	349	 185	189	 204	204	 219	219	 281	281	 374	390	 216	220
OB ,	 231	231	 205	245	 220	220	 226	226	 000	000	 000	000	 329	329	 173	211	 192	204	 267	295	 000	000	 000	000	 200	208
OB ,	 271	283	 213	257	 216	222	 246	246	 549	549	 304	332	 317	325	 201	217	 192	196	 217	251	 277	301	 386	388	 180	192
OB ,	 219	219	 221	261	 226	226	 238	238	 529	529	 188	242	 297	317	 173	205	 184	200	 239	271	 313	321	 394	394	 172	180
OB ,	 219	219	 245	269	 206	212	 146	146	 000	000	 000	000	 311	341	 205	205	 204	204	 000	000	 277	277	 386	386	 184	208
OB ,	 219	219	 201	249	 204	212	 146	146	 643	643	 280	280	 321	341	 205	217	 192	200	 237	245	 305	323	 386	396	 192	200
OB ,	 275	275	 185	197	 250	250	 238	242	 511	543	 244	254	 323	349	 197	205	 200	200	 263	275	 231	333	 396	396	 200	216
OB ,	 235	243	 185	221	 218	224	 146	184	 509	597	 184	296	 341	353	 171	205	 196	200	 239	255	 269	269	 396	396	 184	204
OB ,	 233	249	 185	237	 226	226	 210	210	 533	533	 220	372	 297	327	 189	205	 192	208	 229	251	 269	269	 396	396	 200	216
OB ,	 251	251	 189	241	 212	212	 188	188	 537	537	 242	432	 297	313	 181	197	 208	220	 275	279	 325	329	 386	386	 188	212
OB ,	 243	247	 185	233	 204	214	 146	146	 000	000	 128	202	 341	345	 197	205	 216	220	 255	273	 289	289	 396	396	 188	212
OB ,	 263	263	 183	189	 212	216	 246	282	 000	000	 244	334	 299	337	 193	193	 200	212	 275	291	 285	309	 380	396	 172	204
OB ,	 247	247	 241	273	 214	214	 202	206	 497	621	 140	232	 311	337	 217	237	 208	212	 235	271	 285	285	 396	396	 196	212																		
NB2 ,	 227	243	 213	249	 000	000	 206	206	 661	661	 188	200	 333	333	 185	189	 188	188	 247	263	 277	277	 398	398	 176	176
NB2 ,	 251	251	 209	257	 222	222	 234	234	 639	639	 228	228	 321	349	 189	205	 184	196	 267	267	 273	289	 000	000	 176	188
NB2 ,	 235	243	 205	229	 222	230	 262	262	 633	633	 250	284	 335	335	 213	213	 200	224	 267	275	 317	317	 386	386	 160	176
NB2 ,	 203	203	 233	233	 218	234	 186	190	 000	000	 254	336	 321	321	 185	197	 192	192	 239	239	 000	000	 414	414	 184	184
NB2 ,	 235	255	 217	241	 214	236	 258	286	 000	000	 260	280	 305	321	 189	201	 200	204	 251	343	 289	333	 386	398	 188	192
NB2 ,	 239	239	 241	253	 214	218	 000	000	 557	557	 292	296	 349	349	 201	201	 192	204	 255	267	 273	273	 386	410	 184	212
NB2 ,	 223	263	 221	221	 000	000	 190	190	 000	000	 000	000	 317	329	 185	197	 192	192	 243	255	 273	317	 386	386	 184	192
NB2 ,	 235	235	 185	185	 222	226	 194	194	 517	517  	 240	246	 321	329	 197	197	 204	204	 257	257	 289	305	 386	396	 180	216
NB2 ,	 265	265	 185	257	 204	204	 176	186	 000	000	 188	224	 345	345	 185	185	 192	192	 263	263	 293	341	 390	398	 192	216
NB2 ,	 233	233	 185	185	 262	262	 238	306	 537	537	 324	428	 345	345	 185	185	 192	192	 251	271	 285	429	 398	398	 200	204
NB2 ,	 227	283	 229	237	 218	218	 182	226	 000	000	 208	244	 313	333	 185	193	 192	192	 227	259	 317	317	 286	286	 160	172
NB2 ,	 219	255	 229	257	 226	226	 186	194	 565	625	 240	258	 297	313	 197	209	 192	200	 243	275	 263	285	 398	454	 164	228
NB2 ,	 227	227	 221	273	 214	214	 148	190	 000	000	 280	304	 289	321	 185	185	 164	164	 251	263	 273	277	 402	414	 172	180
NB2 ,	 243	267	 197	245	 214	222	 268	268	 577	577	 280	328	 305	313	 189	189	 192	192	 243	291	 297	309	 398	438	 188	196
NB2 ,	 227	259	 213	233	 242	254	 186	186	 597	597	 304	304	 337	349	 181	205	 192	196	 235	235	 269	345	 402	402	 168	188
NB2 ,	 227	235	 213	241	 214	214	 306	306	 737	737	 176	212	 313	353	 197	205	 200	200	 267	271	 305	317	 398	398	 000	000
NB2 ,	 227	255	 233	233	 212	234	 270	270	 577	653	 250	262	 297	317	 193	209	 192	204	 231	231	 281	349	 398	398	 188	196
NB2 ,	 227	227	 217	241	 234	234	 270	270	 529	653	 204	284	 317	317	 189	193	 192	204	 231	263	 273	289	 394	398	 164	188
NB2 ,	 227	239	 229	249	 214	214	 186	186	 671	729	 236	236	 309	309	 181	213	 192	192	 247	247	 281	325	 386	386	 176	176
NB2 ,	 227	227	 209	229	 222	222	 210	210	 000	000	 332	332	 325	325	 185	217	 188	192	 000	000	 263	329	 386	406	 184	196
NB2 ,	 267	267	 221	237	 242	242	 190	190	 581	581	 192	228	 233	233	 193	209	 172	200	 263	263	 273	273	 386	454	 188	196
NB2 ,	 239	259	 185	185	 210	210	 190	190	 669	669	 000	000	 329	337	 185	189	 192	192	 243	275	 265	309	 390	398	 180	188
NB2 ,	 219	291	 185	253	 214	214	 190	226	 537	537	 224	320	 333	335	 000	000	 200	200	 251	263	 289	289	 410	428	 180	208
NB2 ,	 223	235	 185	249	 214	214	 262	274	 727	727	 204	272	 341	341	 189	213	 204	220	 217	221	 285	285	 000	000	 188	204
NB2 ,	 219	219	 225	225	 214	214	 186	274	 549	549	 212	304	 293	305	 193	285	 184	192	 247	259	 277	321	 386	398	 208	208
NB2 ,	 243	259	 221	229	 230	230	 158	190	 000	000	 224	388	 305	333	 213	217	 204	212	 247	251	 277	381	 398	398	 168	184
NB2 ,	 203	223	 245	253	 214	214	 162	190	 553	553	 184	260	 000	000	 213	229	 192	192	 295	299	 277	293	 398	402	 168	216